{
  "cells": [
    {
      "cell_type": "code",
      "execution_count": null,
      "id": "2226fe38-4db9-4eb4-bd1c-d4c325c63da6",
      "metadata": {
        "colab": {
          "base_uri": "https://localhost:8080/"
        },
        "id": "2226fe38-4db9-4eb4-bd1c-d4c325c63da6",
        "outputId": "ea2814d3-3902-4d8a-d70c-56d84c2b16a9"
      },
      "outputs": [
        {
          "output_type": "stream",
          "name": "stdout",
          "text": [
            "/\n"
          ]
        }
      ],
      "source": [
        "%cd ../.."
      ]
    },
    {
      "cell_type": "code",
      "execution_count": null,
      "id": "69d10176-7f93-4594-b2f0-145d22888111",
      "metadata": {
        "id": "69d10176-7f93-4594-b2f0-145d22888111"
      },
      "outputs": [],
      "source": [
        "import os\n",
        "import numpy as np\n",
        "np.random.seed(42)\n",
        "import plotly.express as px\n",
        "import plotly.graph_objects as go\n",
        "from copy import deepcopy"
      ]
    },
    {
      "cell_type": "code",
      "execution_count": null,
      "id": "94bd6922-84da-4b59-bcd6-dfaac04944d3",
      "metadata": {
        "id": "94bd6922-84da-4b59-bcd6-dfaac04944d3"
      },
      "outputs": [],
      "source": [
        "os.makedirs(\"imgs/chapter_11\", exist_ok=True)"
      ]
    },
    {
      "cell_type": "code",
      "execution_count": null,
      "id": "cc11663d-5823-43d9-b6c5-69a77e11ff54",
      "metadata": {
        "id": "cc11663d-5823-43d9-b6c5-69a77e11ff54"
      },
      "outputs": [],
      "source": [
        "mesh_size = 1\n",
        "font_size=14"
      ]
    },
    {
      "cell_type": "markdown",
      "id": "2639ed35-358e-48c2-a45a-ac11f8827695",
      "metadata": {
        "id": "2639ed35-358e-48c2-a45a-ac11f8827695"
      },
      "source": [
        "# Loss Function\n",
        "\n",
        "Let's consider a loss function with two parameters, x and y"
      ]
    },
    {
      "cell_type": "markdown",
      "id": "ea6553e0-75f0-4e87-92d9-504531cc747c",
      "metadata": {
        "id": "ea6553e0-75f0-4e87-92d9-504531cc747c"
      },
      "source": [
        "$\\mathcal{L}(a,b) = (a-8)^2 + (a-2)^2$"
      ]
    },
    {
      "cell_type": "code",
      "execution_count": null,
      "id": "f739097d-bd9f-45d8-a4e2-93aed34b0e37",
      "metadata": {
        "id": "f739097d-bd9f-45d8-a4e2-93aed34b0e37"
      },
      "outputs": [],
      "source": [
        "def loss_function(a,b):\n",
        "    return (a-8)**2 + (b-2)**2"
      ]
    },
    {
      "cell_type": "markdown",
      "id": "433ffbce-7be7-49dc-a17c-38d04800fe5d",
      "metadata": {
        "id": "433ffbce-7be7-49dc-a17c-38d04800fe5d"
      },
      "source": [
        "## Plotting the function"
      ]
    },
    {
      "cell_type": "code",
      "execution_count": null,
      "id": "8ada32bd-2222-4f3a-af4e-3bd72a84cc59",
      "metadata": {
        "colab": {
          "base_uri": "https://localhost:8080/",
          "height": 1000
        },
        "id": "8ada32bd-2222-4f3a-af4e-3bd72a84cc59",
        "outputId": "b1e20372-2174-476b-ee12-27c25d90af06"
      },
      "outputs": [
        {
          "output_type": "stream",
          "name": "stdout",
          "text": [
            "Collecting kaleido\n",
            "  Downloading kaleido-0.2.1-py2.py3-none-manylinux1_x86_64.whl.metadata (15 kB)\n",
            "Downloading kaleido-0.2.1-py2.py3-none-manylinux1_x86_64.whl (79.9 MB)\n",
            "\u001b[2K   \u001b[90m━━━━━━━━━━━━━━━━━━━━━━━━━━━━━━━━━━━━━━━━\u001b[0m \u001b[32m79.9/79.9 MB\u001b[0m \u001b[31m8.9 MB/s\u001b[0m eta \u001b[36m0:00:00\u001b[0m\n",
            "\u001b[?25hInstalling collected packages: kaleido\n",
            "Successfully installed kaleido-0.2.1\n"
          ]
        },
        {
          "output_type": "display_data",
          "data": {
            "text/html": [
              "<html>\n",
              "<head><meta charset=\"utf-8\" /></head>\n",
              "<body>\n",
              "    <div>            <script src=\"https://cdnjs.cloudflare.com/ajax/libs/mathjax/2.7.5/MathJax.js?config=TeX-AMS-MML_SVG\"></script><script type=\"text/javascript\">if (window.MathJax && window.MathJax.Hub && window.MathJax.Hub.Config) {window.MathJax.Hub.Config({SVG: {font: \"STIX-Web\"}});}</script>                <script type=\"text/javascript\">window.PlotlyConfig = {MathJaxConfig: 'local'};</script>\n",
              "        <script charset=\"utf-8\" src=\"https://cdn.plot.ly/plotly-2.35.2.min.js\"></script>                <div id=\"1f781e65-7f1f-46fe-be6c-4ee9ad95cf3c\" class=\"plotly-graph-div\" style=\"height:900px; width:900px;\"></div>            <script type=\"text/javascript\">                                    window.PLOTLYENV=window.PLOTLYENV || {};                                    if (document.getElementById(\"1f781e65-7f1f-46fe-be6c-4ee9ad95cf3c\")) {                    Plotly.newPlot(                        \"1f781e65-7f1f-46fe-be6c-4ee9ad95cf3c\",                        [{\"colorscale\":[[0.0,\"rgb(230, 240, 240)\"],[0.09090909090909091,\"rgb(191, 221, 229)\"],[0.18181818181818182,\"rgb(156, 201, 226)\"],[0.2727272727272727,\"rgb(129, 180, 227)\"],[0.36363636363636365,\"rgb(115, 154, 228)\"],[0.45454545454545453,\"rgb(117, 127, 221)\"],[0.5454545454545454,\"rgb(120, 100, 202)\"],[0.6363636363636364,\"rgb(119, 74, 175)\"],[0.7272727272727273,\"rgb(113, 50, 141)\"],[0.8181818181818182,\"rgb(100, 31, 104)\"],[0.9090909090909091,\"rgb(80, 20, 66)\"],[1.0,\"rgb(54, 14, 36)\"]],\"name\":\"Loss\",\"x\":[-30,-29,-28,-27,-26,-25,-24,-23,-22,-21,-20,-19,-18,-17,-16,-15,-14,-13,-12,-11,-10,-9,-8,-7,-6,-5,-4,-3,-2,-1,0,1,2,3,4,5,6,7,8,9,10,11,12,13,14,15,16,17,18,19,20,21,22,23,24,25,26,27,28,29],\"y\":[-30,-29,-28,-27,-26,-25,-24,-23,-22,-21,-20,-19,-18,-17,-16,-15,-14,-13,-12,-11,-10,-9,-8,-7,-6,-5,-4,-3,-2,-1,0,1,2,3,4,5,6,7,8,9,10,11,12,13,14,15,16,17,18,19,20,21,22,23,24,25,26,27,28,29],\"z\":[[2468,2393,2320,2249,2180,2113,2048,1985,1924,1865,1808,1753,1700,1649,1600,1553,1508,1465,1424,1385,1348,1313,1280,1249,1220,1193,1168,1145,1124,1105,1088,1073,1060,1049,1040,1033,1028,1025,1024,1025,1028,1033,1040,1049,1060,1073,1088,1105,1124,1145,1168,1193,1220,1249,1280,1313,1348,1385,1424,1465],[2405,2330,2257,2186,2117,2050,1985,1922,1861,1802,1745,1690,1637,1586,1537,1490,1445,1402,1361,1322,1285,1250,1217,1186,1157,1130,1105,1082,1061,1042,1025,1010,997,986,977,970,965,962,961,962,965,970,977,986,997,1010,1025,1042,1061,1082,1105,1130,1157,1186,1217,1250,1285,1322,1361,1402],[2344,2269,2196,2125,2056,1989,1924,1861,1800,1741,1684,1629,1576,1525,1476,1429,1384,1341,1300,1261,1224,1189,1156,1125,1096,1069,1044,1021,1000,981,964,949,936,925,916,909,904,901,900,901,904,909,916,925,936,949,964,981,1000,1021,1044,1069,1096,1125,1156,1189,1224,1261,1300,1341],[2285,2210,2137,2066,1997,1930,1865,1802,1741,1682,1625,1570,1517,1466,1417,1370,1325,1282,1241,1202,1165,1130,1097,1066,1037,1010,985,962,941,922,905,890,877,866,857,850,845,842,841,842,845,850,857,866,877,890,905,922,941,962,985,1010,1037,1066,1097,1130,1165,1202,1241,1282],[2228,2153,2080,2009,1940,1873,1808,1745,1684,1625,1568,1513,1460,1409,1360,1313,1268,1225,1184,1145,1108,1073,1040,1009,980,953,928,905,884,865,848,833,820,809,800,793,788,785,784,785,788,793,800,809,820,833,848,865,884,905,928,953,980,1009,1040,1073,1108,1145,1184,1225],[2173,2098,2025,1954,1885,1818,1753,1690,1629,1570,1513,1458,1405,1354,1305,1258,1213,1170,1129,1090,1053,1018,985,954,925,898,873,850,829,810,793,778,765,754,745,738,733,730,729,730,733,738,745,754,765,778,793,810,829,850,873,898,925,954,985,1018,1053,1090,1129,1170],[2120,2045,1972,1901,1832,1765,1700,1637,1576,1517,1460,1405,1352,1301,1252,1205,1160,1117,1076,1037,1000,965,932,901,872,845,820,797,776,757,740,725,712,701,692,685,680,677,676,677,680,685,692,701,712,725,740,757,776,797,820,845,872,901,932,965,1000,1037,1076,1117],[2069,1994,1921,1850,1781,1714,1649,1586,1525,1466,1409,1354,1301,1250,1201,1154,1109,1066,1025,986,949,914,881,850,821,794,769,746,725,706,689,674,661,650,641,634,629,626,625,626,629,634,641,650,661,674,689,706,725,746,769,794,821,850,881,914,949,986,1025,1066],[2020,1945,1872,1801,1732,1665,1600,1537,1476,1417,1360,1305,1252,1201,1152,1105,1060,1017,976,937,900,865,832,801,772,745,720,697,676,657,640,625,612,601,592,585,580,577,576,577,580,585,592,601,612,625,640,657,676,697,720,745,772,801,832,865,900,937,976,1017],[1973,1898,1825,1754,1685,1618,1553,1490,1429,1370,1313,1258,1205,1154,1105,1058,1013,970,929,890,853,818,785,754,725,698,673,650,629,610,593,578,565,554,545,538,533,530,529,530,533,538,545,554,565,578,593,610,629,650,673,698,725,754,785,818,853,890,929,970],[1928,1853,1780,1709,1640,1573,1508,1445,1384,1325,1268,1213,1160,1109,1060,1013,968,925,884,845,808,773,740,709,680,653,628,605,584,565,548,533,520,509,500,493,488,485,484,485,488,493,500,509,520,533,548,565,584,605,628,653,680,709,740,773,808,845,884,925],[1885,1810,1737,1666,1597,1530,1465,1402,1341,1282,1225,1170,1117,1066,1017,970,925,882,841,802,765,730,697,666,637,610,585,562,541,522,505,490,477,466,457,450,445,442,441,442,445,450,457,466,477,490,505,522,541,562,585,610,637,666,697,730,765,802,841,882],[1844,1769,1696,1625,1556,1489,1424,1361,1300,1241,1184,1129,1076,1025,976,929,884,841,800,761,724,689,656,625,596,569,544,521,500,481,464,449,436,425,416,409,404,401,400,401,404,409,416,425,436,449,464,481,500,521,544,569,596,625,656,689,724,761,800,841],[1805,1730,1657,1586,1517,1450,1385,1322,1261,1202,1145,1090,1037,986,937,890,845,802,761,722,685,650,617,586,557,530,505,482,461,442,425,410,397,386,377,370,365,362,361,362,365,370,377,386,397,410,425,442,461,482,505,530,557,586,617,650,685,722,761,802],[1768,1693,1620,1549,1480,1413,1348,1285,1224,1165,1108,1053,1000,949,900,853,808,765,724,685,648,613,580,549,520,493,468,445,424,405,388,373,360,349,340,333,328,325,324,325,328,333,340,349,360,373,388,405,424,445,468,493,520,549,580,613,648,685,724,765],[1733,1658,1585,1514,1445,1378,1313,1250,1189,1130,1073,1018,965,914,865,818,773,730,689,650,613,578,545,514,485,458,433,410,389,370,353,338,325,314,305,298,293,290,289,290,293,298,305,314,325,338,353,370,389,410,433,458,485,514,545,578,613,650,689,730],[1700,1625,1552,1481,1412,1345,1280,1217,1156,1097,1040,985,932,881,832,785,740,697,656,617,580,545,512,481,452,425,400,377,356,337,320,305,292,281,272,265,260,257,256,257,260,265,272,281,292,305,320,337,356,377,400,425,452,481,512,545,580,617,656,697],[1669,1594,1521,1450,1381,1314,1249,1186,1125,1066,1009,954,901,850,801,754,709,666,625,586,549,514,481,450,421,394,369,346,325,306,289,274,261,250,241,234,229,226,225,226,229,234,241,250,261,274,289,306,325,346,369,394,421,450,481,514,549,586,625,666],[1640,1565,1492,1421,1352,1285,1220,1157,1096,1037,980,925,872,821,772,725,680,637,596,557,520,485,452,421,392,365,340,317,296,277,260,245,232,221,212,205,200,197,196,197,200,205,212,221,232,245,260,277,296,317,340,365,392,421,452,485,520,557,596,637],[1613,1538,1465,1394,1325,1258,1193,1130,1069,1010,953,898,845,794,745,698,653,610,569,530,493,458,425,394,365,338,313,290,269,250,233,218,205,194,185,178,173,170,169,170,173,178,185,194,205,218,233,250,269,290,313,338,365,394,425,458,493,530,569,610],[1588,1513,1440,1369,1300,1233,1168,1105,1044,985,928,873,820,769,720,673,628,585,544,505,468,433,400,369,340,313,288,265,244,225,208,193,180,169,160,153,148,145,144,145,148,153,160,169,180,193,208,225,244,265,288,313,340,369,400,433,468,505,544,585],[1565,1490,1417,1346,1277,1210,1145,1082,1021,962,905,850,797,746,697,650,605,562,521,482,445,410,377,346,317,290,265,242,221,202,185,170,157,146,137,130,125,122,121,122,125,130,137,146,157,170,185,202,221,242,265,290,317,346,377,410,445,482,521,562],[1544,1469,1396,1325,1256,1189,1124,1061,1000,941,884,829,776,725,676,629,584,541,500,461,424,389,356,325,296,269,244,221,200,181,164,149,136,125,116,109,104,101,100,101,104,109,116,125,136,149,164,181,200,221,244,269,296,325,356,389,424,461,500,541],[1525,1450,1377,1306,1237,1170,1105,1042,981,922,865,810,757,706,657,610,565,522,481,442,405,370,337,306,277,250,225,202,181,162,145,130,117,106,97,90,85,82,81,82,85,90,97,106,117,130,145,162,181,202,225,250,277,306,337,370,405,442,481,522],[1508,1433,1360,1289,1220,1153,1088,1025,964,905,848,793,740,689,640,593,548,505,464,425,388,353,320,289,260,233,208,185,164,145,128,113,100,89,80,73,68,65,64,65,68,73,80,89,100,113,128,145,164,185,208,233,260,289,320,353,388,425,464,505],[1493,1418,1345,1274,1205,1138,1073,1010,949,890,833,778,725,674,625,578,533,490,449,410,373,338,305,274,245,218,193,170,149,130,113,98,85,74,65,58,53,50,49,50,53,58,65,74,85,98,113,130,149,170,193,218,245,274,305,338,373,410,449,490],[1480,1405,1332,1261,1192,1125,1060,997,936,877,820,765,712,661,612,565,520,477,436,397,360,325,292,261,232,205,180,157,136,117,100,85,72,61,52,45,40,37,36,37,40,45,52,61,72,85,100,117,136,157,180,205,232,261,292,325,360,397,436,477],[1469,1394,1321,1250,1181,1114,1049,986,925,866,809,754,701,650,601,554,509,466,425,386,349,314,281,250,221,194,169,146,125,106,89,74,61,50,41,34,29,26,25,26,29,34,41,50,61,74,89,106,125,146,169,194,221,250,281,314,349,386,425,466],[1460,1385,1312,1241,1172,1105,1040,977,916,857,800,745,692,641,592,545,500,457,416,377,340,305,272,241,212,185,160,137,116,97,80,65,52,41,32,25,20,17,16,17,20,25,32,41,52,65,80,97,116,137,160,185,212,241,272,305,340,377,416,457],[1453,1378,1305,1234,1165,1098,1033,970,909,850,793,738,685,634,585,538,493,450,409,370,333,298,265,234,205,178,153,130,109,90,73,58,45,34,25,18,13,10,9,10,13,18,25,34,45,58,73,90,109,130,153,178,205,234,265,298,333,370,409,450],[1448,1373,1300,1229,1160,1093,1028,965,904,845,788,733,680,629,580,533,488,445,404,365,328,293,260,229,200,173,148,125,104,85,68,53,40,29,20,13,8,5,4,5,8,13,20,29,40,53,68,85,104,125,148,173,200,229,260,293,328,365,404,445],[1445,1370,1297,1226,1157,1090,1025,962,901,842,785,730,677,626,577,530,485,442,401,362,325,290,257,226,197,170,145,122,101,82,65,50,37,26,17,10,5,2,1,2,5,10,17,26,37,50,65,82,101,122,145,170,197,226,257,290,325,362,401,442],[1444,1369,1296,1225,1156,1089,1024,961,900,841,784,729,676,625,576,529,484,441,400,361,324,289,256,225,196,169,144,121,100,81,64,49,36,25,16,9,4,1,0,1,4,9,16,25,36,49,64,81,100,121,144,169,196,225,256,289,324,361,400,441],[1445,1370,1297,1226,1157,1090,1025,962,901,842,785,730,677,626,577,530,485,442,401,362,325,290,257,226,197,170,145,122,101,82,65,50,37,26,17,10,5,2,1,2,5,10,17,26,37,50,65,82,101,122,145,170,197,226,257,290,325,362,401,442],[1448,1373,1300,1229,1160,1093,1028,965,904,845,788,733,680,629,580,533,488,445,404,365,328,293,260,229,200,173,148,125,104,85,68,53,40,29,20,13,8,5,4,5,8,13,20,29,40,53,68,85,104,125,148,173,200,229,260,293,328,365,404,445],[1453,1378,1305,1234,1165,1098,1033,970,909,850,793,738,685,634,585,538,493,450,409,370,333,298,265,234,205,178,153,130,109,90,73,58,45,34,25,18,13,10,9,10,13,18,25,34,45,58,73,90,109,130,153,178,205,234,265,298,333,370,409,450],[1460,1385,1312,1241,1172,1105,1040,977,916,857,800,745,692,641,592,545,500,457,416,377,340,305,272,241,212,185,160,137,116,97,80,65,52,41,32,25,20,17,16,17,20,25,32,41,52,65,80,97,116,137,160,185,212,241,272,305,340,377,416,457],[1469,1394,1321,1250,1181,1114,1049,986,925,866,809,754,701,650,601,554,509,466,425,386,349,314,281,250,221,194,169,146,125,106,89,74,61,50,41,34,29,26,25,26,29,34,41,50,61,74,89,106,125,146,169,194,221,250,281,314,349,386,425,466],[1480,1405,1332,1261,1192,1125,1060,997,936,877,820,765,712,661,612,565,520,477,436,397,360,325,292,261,232,205,180,157,136,117,100,85,72,61,52,45,40,37,36,37,40,45,52,61,72,85,100,117,136,157,180,205,232,261,292,325,360,397,436,477],[1493,1418,1345,1274,1205,1138,1073,1010,949,890,833,778,725,674,625,578,533,490,449,410,373,338,305,274,245,218,193,170,149,130,113,98,85,74,65,58,53,50,49,50,53,58,65,74,85,98,113,130,149,170,193,218,245,274,305,338,373,410,449,490],[1508,1433,1360,1289,1220,1153,1088,1025,964,905,848,793,740,689,640,593,548,505,464,425,388,353,320,289,260,233,208,185,164,145,128,113,100,89,80,73,68,65,64,65,68,73,80,89,100,113,128,145,164,185,208,233,260,289,320,353,388,425,464,505],[1525,1450,1377,1306,1237,1170,1105,1042,981,922,865,810,757,706,657,610,565,522,481,442,405,370,337,306,277,250,225,202,181,162,145,130,117,106,97,90,85,82,81,82,85,90,97,106,117,130,145,162,181,202,225,250,277,306,337,370,405,442,481,522],[1544,1469,1396,1325,1256,1189,1124,1061,1000,941,884,829,776,725,676,629,584,541,500,461,424,389,356,325,296,269,244,221,200,181,164,149,136,125,116,109,104,101,100,101,104,109,116,125,136,149,164,181,200,221,244,269,296,325,356,389,424,461,500,541],[1565,1490,1417,1346,1277,1210,1145,1082,1021,962,905,850,797,746,697,650,605,562,521,482,445,410,377,346,317,290,265,242,221,202,185,170,157,146,137,130,125,122,121,122,125,130,137,146,157,170,185,202,221,242,265,290,317,346,377,410,445,482,521,562],[1588,1513,1440,1369,1300,1233,1168,1105,1044,985,928,873,820,769,720,673,628,585,544,505,468,433,400,369,340,313,288,265,244,225,208,193,180,169,160,153,148,145,144,145,148,153,160,169,180,193,208,225,244,265,288,313,340,369,400,433,468,505,544,585],[1613,1538,1465,1394,1325,1258,1193,1130,1069,1010,953,898,845,794,745,698,653,610,569,530,493,458,425,394,365,338,313,290,269,250,233,218,205,194,185,178,173,170,169,170,173,178,185,194,205,218,233,250,269,290,313,338,365,394,425,458,493,530,569,610],[1640,1565,1492,1421,1352,1285,1220,1157,1096,1037,980,925,872,821,772,725,680,637,596,557,520,485,452,421,392,365,340,317,296,277,260,245,232,221,212,205,200,197,196,197,200,205,212,221,232,245,260,277,296,317,340,365,392,421,452,485,520,557,596,637],[1669,1594,1521,1450,1381,1314,1249,1186,1125,1066,1009,954,901,850,801,754,709,666,625,586,549,514,481,450,421,394,369,346,325,306,289,274,261,250,241,234,229,226,225,226,229,234,241,250,261,274,289,306,325,346,369,394,421,450,481,514,549,586,625,666],[1700,1625,1552,1481,1412,1345,1280,1217,1156,1097,1040,985,932,881,832,785,740,697,656,617,580,545,512,481,452,425,400,377,356,337,320,305,292,281,272,265,260,257,256,257,260,265,272,281,292,305,320,337,356,377,400,425,452,481,512,545,580,617,656,697],[1733,1658,1585,1514,1445,1378,1313,1250,1189,1130,1073,1018,965,914,865,818,773,730,689,650,613,578,545,514,485,458,433,410,389,370,353,338,325,314,305,298,293,290,289,290,293,298,305,314,325,338,353,370,389,410,433,458,485,514,545,578,613,650,689,730],[1768,1693,1620,1549,1480,1413,1348,1285,1224,1165,1108,1053,1000,949,900,853,808,765,724,685,648,613,580,549,520,493,468,445,424,405,388,373,360,349,340,333,328,325,324,325,328,333,340,349,360,373,388,405,424,445,468,493,520,549,580,613,648,685,724,765],[1805,1730,1657,1586,1517,1450,1385,1322,1261,1202,1145,1090,1037,986,937,890,845,802,761,722,685,650,617,586,557,530,505,482,461,442,425,410,397,386,377,370,365,362,361,362,365,370,377,386,397,410,425,442,461,482,505,530,557,586,617,650,685,722,761,802],[1844,1769,1696,1625,1556,1489,1424,1361,1300,1241,1184,1129,1076,1025,976,929,884,841,800,761,724,689,656,625,596,569,544,521,500,481,464,449,436,425,416,409,404,401,400,401,404,409,416,425,436,449,464,481,500,521,544,569,596,625,656,689,724,761,800,841],[1885,1810,1737,1666,1597,1530,1465,1402,1341,1282,1225,1170,1117,1066,1017,970,925,882,841,802,765,730,697,666,637,610,585,562,541,522,505,490,477,466,457,450,445,442,441,442,445,450,457,466,477,490,505,522,541,562,585,610,637,666,697,730,765,802,841,882],[1928,1853,1780,1709,1640,1573,1508,1445,1384,1325,1268,1213,1160,1109,1060,1013,968,925,884,845,808,773,740,709,680,653,628,605,584,565,548,533,520,509,500,493,488,485,484,485,488,493,500,509,520,533,548,565,584,605,628,653,680,709,740,773,808,845,884,925],[1973,1898,1825,1754,1685,1618,1553,1490,1429,1370,1313,1258,1205,1154,1105,1058,1013,970,929,890,853,818,785,754,725,698,673,650,629,610,593,578,565,554,545,538,533,530,529,530,533,538,545,554,565,578,593,610,629,650,673,698,725,754,785,818,853,890,929,970],[2020,1945,1872,1801,1732,1665,1600,1537,1476,1417,1360,1305,1252,1201,1152,1105,1060,1017,976,937,900,865,832,801,772,745,720,697,676,657,640,625,612,601,592,585,580,577,576,577,580,585,592,601,612,625,640,657,676,697,720,745,772,801,832,865,900,937,976,1017],[2069,1994,1921,1850,1781,1714,1649,1586,1525,1466,1409,1354,1301,1250,1201,1154,1109,1066,1025,986,949,914,881,850,821,794,769,746,725,706,689,674,661,650,641,634,629,626,625,626,629,634,641,650,661,674,689,706,725,746,769,794,821,850,881,914,949,986,1025,1066],[2120,2045,1972,1901,1832,1765,1700,1637,1576,1517,1460,1405,1352,1301,1252,1205,1160,1117,1076,1037,1000,965,932,901,872,845,820,797,776,757,740,725,712,701,692,685,680,677,676,677,680,685,692,701,712,725,740,757,776,797,820,845,872,901,932,965,1000,1037,1076,1117],[2173,2098,2025,1954,1885,1818,1753,1690,1629,1570,1513,1458,1405,1354,1305,1258,1213,1170,1129,1090,1053,1018,985,954,925,898,873,850,829,810,793,778,765,754,745,738,733,730,729,730,733,738,745,754,765,778,793,810,829,850,873,898,925,954,985,1018,1053,1090,1129,1170]],\"type\":\"surface\"}],                        {\"template\":{\"data\":{\"histogram2dcontour\":[{\"type\":\"histogram2dcontour\",\"colorbar\":{\"outlinewidth\":0,\"ticks\":\"\"},\"colorscale\":[[0.0,\"#0d0887\"],[0.1111111111111111,\"#46039f\"],[0.2222222222222222,\"#7201a8\"],[0.3333333333333333,\"#9c179e\"],[0.4444444444444444,\"#bd3786\"],[0.5555555555555556,\"#d8576b\"],[0.6666666666666666,\"#ed7953\"],[0.7777777777777778,\"#fb9f3a\"],[0.8888888888888888,\"#fdca26\"],[1.0,\"#f0f921\"]]}],\"choropleth\":[{\"type\":\"choropleth\",\"colorbar\":{\"outlinewidth\":0,\"ticks\":\"\"}}],\"histogram2d\":[{\"type\":\"histogram2d\",\"colorbar\":{\"outlinewidth\":0,\"ticks\":\"\"},\"colorscale\":[[0.0,\"#0d0887\"],[0.1111111111111111,\"#46039f\"],[0.2222222222222222,\"#7201a8\"],[0.3333333333333333,\"#9c179e\"],[0.4444444444444444,\"#bd3786\"],[0.5555555555555556,\"#d8576b\"],[0.6666666666666666,\"#ed7953\"],[0.7777777777777778,\"#fb9f3a\"],[0.8888888888888888,\"#fdca26\"],[1.0,\"#f0f921\"]]}],\"heatmap\":[{\"type\":\"heatmap\",\"colorbar\":{\"outlinewidth\":0,\"ticks\":\"\"},\"colorscale\":[[0.0,\"#0d0887\"],[0.1111111111111111,\"#46039f\"],[0.2222222222222222,\"#7201a8\"],[0.3333333333333333,\"#9c179e\"],[0.4444444444444444,\"#bd3786\"],[0.5555555555555556,\"#d8576b\"],[0.6666666666666666,\"#ed7953\"],[0.7777777777777778,\"#fb9f3a\"],[0.8888888888888888,\"#fdca26\"],[1.0,\"#f0f921\"]]}],\"heatmapgl\":[{\"type\":\"heatmapgl\",\"colorbar\":{\"outlinewidth\":0,\"ticks\":\"\"},\"colorscale\":[[0.0,\"#0d0887\"],[0.1111111111111111,\"#46039f\"],[0.2222222222222222,\"#7201a8\"],[0.3333333333333333,\"#9c179e\"],[0.4444444444444444,\"#bd3786\"],[0.5555555555555556,\"#d8576b\"],[0.6666666666666666,\"#ed7953\"],[0.7777777777777778,\"#fb9f3a\"],[0.8888888888888888,\"#fdca26\"],[1.0,\"#f0f921\"]]}],\"contourcarpet\":[{\"type\":\"contourcarpet\",\"colorbar\":{\"outlinewidth\":0,\"ticks\":\"\"}}],\"contour\":[{\"type\":\"contour\",\"colorbar\":{\"outlinewidth\":0,\"ticks\":\"\"},\"colorscale\":[[0.0,\"#0d0887\"],[0.1111111111111111,\"#46039f\"],[0.2222222222222222,\"#7201a8\"],[0.3333333333333333,\"#9c179e\"],[0.4444444444444444,\"#bd3786\"],[0.5555555555555556,\"#d8576b\"],[0.6666666666666666,\"#ed7953\"],[0.7777777777777778,\"#fb9f3a\"],[0.8888888888888888,\"#fdca26\"],[1.0,\"#f0f921\"]]}],\"surface\":[{\"type\":\"surface\",\"colorbar\":{\"outlinewidth\":0,\"ticks\":\"\"},\"colorscale\":[[0.0,\"#0d0887\"],[0.1111111111111111,\"#46039f\"],[0.2222222222222222,\"#7201a8\"],[0.3333333333333333,\"#9c179e\"],[0.4444444444444444,\"#bd3786\"],[0.5555555555555556,\"#d8576b\"],[0.6666666666666666,\"#ed7953\"],[0.7777777777777778,\"#fb9f3a\"],[0.8888888888888888,\"#fdca26\"],[1.0,\"#f0f921\"]]}],\"mesh3d\":[{\"type\":\"mesh3d\",\"colorbar\":{\"outlinewidth\":0,\"ticks\":\"\"}}],\"scatter\":[{\"fillpattern\":{\"fillmode\":\"overlay\",\"size\":10,\"solidity\":0.2},\"type\":\"scatter\"}],\"parcoords\":[{\"type\":\"parcoords\",\"line\":{\"colorbar\":{\"outlinewidth\":0,\"ticks\":\"\"}}}],\"scatterpolargl\":[{\"type\":\"scatterpolargl\",\"marker\":{\"colorbar\":{\"outlinewidth\":0,\"ticks\":\"\"}}}],\"bar\":[{\"error_x\":{\"color\":\"#2a3f5f\"},\"error_y\":{\"color\":\"#2a3f5f\"},\"marker\":{\"line\":{\"color\":\"#E5ECF6\",\"width\":0.5},\"pattern\":{\"fillmode\":\"overlay\",\"size\":10,\"solidity\":0.2}},\"type\":\"bar\"}],\"scattergeo\":[{\"type\":\"scattergeo\",\"marker\":{\"colorbar\":{\"outlinewidth\":0,\"ticks\":\"\"}}}],\"scatterpolar\":[{\"type\":\"scatterpolar\",\"marker\":{\"colorbar\":{\"outlinewidth\":0,\"ticks\":\"\"}}}],\"histogram\":[{\"marker\":{\"pattern\":{\"fillmode\":\"overlay\",\"size\":10,\"solidity\":0.2}},\"type\":\"histogram\"}],\"scattergl\":[{\"type\":\"scattergl\",\"marker\":{\"colorbar\":{\"outlinewidth\":0,\"ticks\":\"\"}}}],\"scatter3d\":[{\"type\":\"scatter3d\",\"line\":{\"colorbar\":{\"outlinewidth\":0,\"ticks\":\"\"}},\"marker\":{\"colorbar\":{\"outlinewidth\":0,\"ticks\":\"\"}}}],\"scattermapbox\":[{\"type\":\"scattermapbox\",\"marker\":{\"colorbar\":{\"outlinewidth\":0,\"ticks\":\"\"}}}],\"scatterternary\":[{\"type\":\"scatterternary\",\"marker\":{\"colorbar\":{\"outlinewidth\":0,\"ticks\":\"\"}}}],\"scattercarpet\":[{\"type\":\"scattercarpet\",\"marker\":{\"colorbar\":{\"outlinewidth\":0,\"ticks\":\"\"}}}],\"carpet\":[{\"aaxis\":{\"endlinecolor\":\"#2a3f5f\",\"gridcolor\":\"white\",\"linecolor\":\"white\",\"minorgridcolor\":\"white\",\"startlinecolor\":\"#2a3f5f\"},\"baxis\":{\"endlinecolor\":\"#2a3f5f\",\"gridcolor\":\"white\",\"linecolor\":\"white\",\"minorgridcolor\":\"white\",\"startlinecolor\":\"#2a3f5f\"},\"type\":\"carpet\"}],\"table\":[{\"cells\":{\"fill\":{\"color\":\"#EBF0F8\"},\"line\":{\"color\":\"white\"}},\"header\":{\"fill\":{\"color\":\"#C8D4E3\"},\"line\":{\"color\":\"white\"}},\"type\":\"table\"}],\"barpolar\":[{\"marker\":{\"line\":{\"color\":\"#E5ECF6\",\"width\":0.5},\"pattern\":{\"fillmode\":\"overlay\",\"size\":10,\"solidity\":0.2}},\"type\":\"barpolar\"}],\"pie\":[{\"automargin\":true,\"type\":\"pie\"}]},\"layout\":{\"autotypenumbers\":\"strict\",\"colorway\":[\"#636efa\",\"#EF553B\",\"#00cc96\",\"#ab63fa\",\"#FFA15A\",\"#19d3f3\",\"#FF6692\",\"#B6E880\",\"#FF97FF\",\"#FECB52\"],\"font\":{\"color\":\"#2a3f5f\"},\"hovermode\":\"closest\",\"hoverlabel\":{\"align\":\"left\"},\"paper_bgcolor\":\"white\",\"plot_bgcolor\":\"#E5ECF6\",\"polar\":{\"bgcolor\":\"#E5ECF6\",\"angularaxis\":{\"gridcolor\":\"white\",\"linecolor\":\"white\",\"ticks\":\"\"},\"radialaxis\":{\"gridcolor\":\"white\",\"linecolor\":\"white\",\"ticks\":\"\"}},\"ternary\":{\"bgcolor\":\"#E5ECF6\",\"aaxis\":{\"gridcolor\":\"white\",\"linecolor\":\"white\",\"ticks\":\"\"},\"baxis\":{\"gridcolor\":\"white\",\"linecolor\":\"white\",\"ticks\":\"\"},\"caxis\":{\"gridcolor\":\"white\",\"linecolor\":\"white\",\"ticks\":\"\"}},\"coloraxis\":{\"colorbar\":{\"outlinewidth\":0,\"ticks\":\"\"}},\"colorscale\":{\"sequential\":[[0.0,\"#0d0887\"],[0.1111111111111111,\"#46039f\"],[0.2222222222222222,\"#7201a8\"],[0.3333333333333333,\"#9c179e\"],[0.4444444444444444,\"#bd3786\"],[0.5555555555555556,\"#d8576b\"],[0.6666666666666666,\"#ed7953\"],[0.7777777777777778,\"#fb9f3a\"],[0.8888888888888888,\"#fdca26\"],[1.0,\"#f0f921\"]],\"sequentialminus\":[[0.0,\"#0d0887\"],[0.1111111111111111,\"#46039f\"],[0.2222222222222222,\"#7201a8\"],[0.3333333333333333,\"#9c179e\"],[0.4444444444444444,\"#bd3786\"],[0.5555555555555556,\"#d8576b\"],[0.6666666666666666,\"#ed7953\"],[0.7777777777777778,\"#fb9f3a\"],[0.8888888888888888,\"#fdca26\"],[1.0,\"#f0f921\"]],\"diverging\":[[0,\"#8e0152\"],[0.1,\"#c51b7d\"],[0.2,\"#de77ae\"],[0.3,\"#f1b6da\"],[0.4,\"#fde0ef\"],[0.5,\"#f7f7f7\"],[0.6,\"#e6f5d0\"],[0.7,\"#b8e186\"],[0.8,\"#7fbc41\"],[0.9,\"#4d9221\"],[1,\"#276419\"]]},\"xaxis\":{\"gridcolor\":\"white\",\"linecolor\":\"white\",\"ticks\":\"\",\"title\":{\"standoff\":15},\"zerolinecolor\":\"white\",\"automargin\":true,\"zerolinewidth\":2},\"yaxis\":{\"gridcolor\":\"white\",\"linecolor\":\"white\",\"ticks\":\"\",\"title\":{\"standoff\":15},\"zerolinecolor\":\"white\",\"automargin\":true,\"zerolinewidth\":2},\"scene\":{\"xaxis\":{\"backgroundcolor\":\"#E5ECF6\",\"gridcolor\":\"white\",\"linecolor\":\"white\",\"showbackground\":true,\"ticks\":\"\",\"zerolinecolor\":\"white\",\"gridwidth\":2},\"yaxis\":{\"backgroundcolor\":\"#E5ECF6\",\"gridcolor\":\"white\",\"linecolor\":\"white\",\"showbackground\":true,\"ticks\":\"\",\"zerolinecolor\":\"white\",\"gridwidth\":2},\"zaxis\":{\"backgroundcolor\":\"#E5ECF6\",\"gridcolor\":\"white\",\"linecolor\":\"white\",\"showbackground\":true,\"ticks\":\"\",\"zerolinecolor\":\"white\",\"gridwidth\":2}},\"shapedefaults\":{\"line\":{\"color\":\"#2a3f5f\"}},\"annotationdefaults\":{\"arrowcolor\":\"#2a3f5f\",\"arrowhead\":0,\"arrowwidth\":1},\"geo\":{\"bgcolor\":\"white\",\"landcolor\":\"#E5ECF6\",\"subunitcolor\":\"white\",\"showland\":true,\"showlakes\":true,\"lakecolor\":\"white\"},\"title\":{\"x\":0.05},\"mapbox\":{\"style\":\"light\"}}},\"title\":{\"font\":{\"size\":20},\"text\":\"$\\\\LARGE{\\\\text{Loss Surface for }\\\\mathcal{L}(a,b) = (a-8)^2 + (b-2)^2}$\",\"x\":0.5},\"scene\":{\"camera\":{\"up\":{\"x\":0,\"y\":0,\"z\":1},\"center\":{\"x\":0,\"y\":0,\"z\":0},\"eye\":{\"x\":-1.2,\"y\":1.5,\"z\":1.8}},\"yaxis\":{\"title\":{\"text\":\"b\",\"font\":{\"size\":19}},\"tickfont\":{\"size\":12}},\"xaxis\":{\"title\":{\"text\":\"a\",\"font\":{\"size\":19}},\"tickfont\":{\"size\":12}},\"zaxis\":{\"title\":{\"text\":\"Loss\",\"font\":{\"size\":19}},\"tickfont\":{\"size\":12}}},\"autosize\":false,\"width\":900,\"height\":900},                        {\"responsive\": true}                    ).then(function(){\n",
              "                            \n",
              "var gd = document.getElementById('1f781e65-7f1f-46fe-be6c-4ee9ad95cf3c');\n",
              "var x = new MutationObserver(function (mutations, observer) {{\n",
              "        var display = window.getComputedStyle(gd).display;\n",
              "        if (!display || display === 'none') {{\n",
              "            console.log([gd, 'removed!']);\n",
              "            Plotly.purge(gd);\n",
              "            observer.disconnect();\n",
              "        }}\n",
              "}});\n",
              "\n",
              "// Listen for the removal of the full notebook cells\n",
              "var notebookContainer = gd.closest('#notebook-container');\n",
              "if (notebookContainer) {{\n",
              "    x.observe(notebookContainer, {childList: true});\n",
              "}}\n",
              "\n",
              "// Listen for the clearing of the current output cell\n",
              "var outputEl = gd.closest('.output');\n",
              "if (outputEl) {{\n",
              "    x.observe(outputEl, {childList: true});\n",
              "}}\n",
              "\n",
              "                        })                };                            </script>        </div>\n",
              "</body>\n",
              "</html>"
            ]
          },
          "metadata": {}
        }
      ],
      "source": [
        "#In the first cell install kaleido\n",
        "!pip install -U kaleido\n",
        "\n",
        "#In the second cell import the necessary packages and libraries\n",
        "import sys  # Import sys module for adding to path\n",
        "import kaleido # explicit import\n",
        "import os\n",
        "import numpy as np\n",
        "np.random.seed(42)\n",
        "import plotly.express as px\n",
        "import plotly.graph_objects as go\n",
        "from copy import deepcopy\n",
        "\n",
        "a_min, a_max = -30, 30\n",
        "b_min, b_max = -30, 30\n",
        "arange = np.arange(a_min, a_max, mesh_size)\n",
        "brange = np.arange(b_min, b_max, mesh_size)\n",
        "aa, bb = np.meshgrid(arange, brange)\n",
        "loss = loss_function(aa, bb)\n",
        "\n",
        "fig = go.Figure(\n",
        "    data=[go.Surface(x=arange, y=brange, z=loss, name=\"Loss\", colorscale=\"dense\")]\n",
        ")\n",
        "camera = dict(\n",
        "    up=dict(x=0, y=0, z=1),\n",
        "    center=dict(x=0, y=0, z=0),\n",
        "    eye=dict(x=-1.2, y=1.5, z=1.8)\n",
        ")\n",
        "fig.update_layout(\n",
        "    autosize=False,\n",
        "    width=900,\n",
        "    height=900,\n",
        "    title_text=r\"$\\LARGE{\\text{Loss Surface for }\\mathcal{L}(a,b) = (a-8)^2 + (b-2)^2}$\",\n",
        "    titlefont={\"size\": 20},\n",
        "    title_x=0.5,\n",
        "    scene_camera=camera,\n",
        "    scene=dict(\n",
        "        xaxis_title=\"a\",\n",
        "        yaxis_title=\"b\",\n",
        "        zaxis_title=\"Loss\",\n",
        "        yaxis=dict(\n",
        "            titlefont=dict(size=font_size+5),\n",
        "            tickfont=dict(size=font_size-2),\n",
        "        ),\n",
        "        xaxis=dict(\n",
        "            titlefont=dict(size=font_size+5),\n",
        "            tickfont=dict(size=font_size-2),\n",
        "        ),\n",
        "        zaxis=dict(\n",
        "            titlefont=dict(size=font_size+5),\n",
        "            tickfont=dict(size=font_size-2),\n",
        "        ),\n",
        "    ),\n",
        ")\n",
        "fig.write_image(\"imgs/chapter_11/loss_surface.png\")\n",
        "fig.show()"
      ]
    },
    {
      "cell_type": "markdown",
      "id": "a80db888-8d02-4528-aa9b-af67b821645b",
      "metadata": {
        "id": "a80db888-8d02-4528-aa9b-af67b821645b"
      },
      "source": [
        "# Gradient Descent"
      ]
    },
    {
      "cell_type": "markdown",
      "id": "f3a8ad26-6b59-4cec-bcbf-fc3aeff48522",
      "metadata": {
        "id": "f3a8ad26-6b59-4cec-bcbf-fc3aeff48522"
      },
      "source": [
        "Gradient of the Loss function is a vector of:    \n",
        "$ \\delta_a = 2 (a-8)$    \n",
        "$ \\delta_b = 2 (b-2)$    "
      ]
    },
    {
      "cell_type": "code",
      "execution_count": null,
      "id": "f5fa344a-0a43-4e6b-87ec-94224881bafa",
      "metadata": {
        "id": "f5fa344a-0a43-4e6b-87ec-94224881bafa"
      },
      "outputs": [],
      "source": [
        "def gradient(a, b):\n",
        "    return 2*(a-8), 2*(b-2)"
      ]
    },
    {
      "cell_type": "markdown",
      "id": "0b0a8570-b0a0-4605-a9d0-270cc537d775",
      "metadata": {
        "id": "0b0a8570-b0a0-4605-a9d0-270cc537d775"
      },
      "source": [
        "## Optimizing"
      ]
    },
    {
      "cell_type": "code",
      "execution_count": null,
      "id": "8fa002bf-5a5a-4d04-b0b0-13ede6c8317e",
      "metadata": {
        "tags": [],
        "id": "8fa002bf-5a5a-4d04-b0b0-13ede6c8317e",
        "outputId": "3e234333-baf9-4b32-c78b-35a367200618",
        "colab": {
          "base_uri": "https://localhost:8080/"
        }
      },
      "outputs": [
        {
          "output_type": "stream",
          "name": "stdout",
          "text": [
            "The optimal value is found at  8.000000000000005 2.000000002230101\n"
          ]
        }
      ],
      "source": [
        "# maximum number of iterations that can be done\n",
        "maximum_iterations = 500\n",
        "# current iteration\n",
        "current_iteration = 0\n",
        "# Learning Rate\n",
        "learning_rate = 0.01\n",
        "#Initial value of a, b\n",
        "current_a_value = 28\n",
        "current_b_value = 27\n",
        "\n",
        "#Initializing list variables to store the optimization path\n",
        "opt_path_a = [current_a_value]\n",
        "opt_path_b = [current_b_value]\n",
        "opt_path_loss = [loss_function(current_a_value, current_b_value)]\n",
        "\n",
        "while current_iteration < maximum_iterations:\n",
        "    previous_a_value = current_a_value\n",
        "    previous_b_value = current_b_value\n",
        "    # Calculating he gradients at current values\n",
        "    gradient_a, gradient_b = gradient(previous_a_value, previous_b_value)\n",
        "    # Adjusting the parameters using the gradients\n",
        "    current_a_value = current_a_value - learning_rate * gradient_a * (previous_a_value)\n",
        "    current_b_value = current_b_value - learning_rate * gradient_b * (previous_b_value)\n",
        "    current_iteration = current_iteration + 1\n",
        "    opt_path_a.append(current_a_value)\n",
        "    opt_path_b.append(current_b_value)\n",
        "    opt_path_loss.append(loss_function(current_a_value, current_b_value))\n",
        "\n",
        "print(\"The optimal value is found at \", current_a_value, current_b_value)"
      ]
    },
    {
      "cell_type": "code",
      "execution_count": null,
      "id": "b8c301b0-059e-42f7-9cab-f9c0b390c52b",
      "metadata": {
        "id": "b8c301b0-059e-42f7-9cab-f9c0b390c52b",
        "outputId": "411b69d6-cc06-4882-c842-3eada340daab",
        "colab": {
          "base_uri": "https://localhost:8080/",
          "height": 917
        }
      },
      "outputs": [
        {
          "output_type": "display_data",
          "data": {
            "text/html": [
              "<html>\n",
              "<head><meta charset=\"utf-8\" /></head>\n",
              "<body>\n",
              "    <div>            <script src=\"https://cdnjs.cloudflare.com/ajax/libs/mathjax/2.7.5/MathJax.js?config=TeX-AMS-MML_SVG\"></script><script type=\"text/javascript\">if (window.MathJax && window.MathJax.Hub && window.MathJax.Hub.Config) {window.MathJax.Hub.Config({SVG: {font: \"STIX-Web\"}});}</script>                <script type=\"text/javascript\">window.PlotlyConfig = {MathJaxConfig: 'local'};</script>\n",
